52
399 562 3 250 263 562 450 952 934 976 996 150 520 115 852 786 652 817 240 500 693 524 508 256 516 939 69 756 105 132 448 555 490 801 716 393 890 640 190 504 293 471 827 818 243 968 995 632 540 585 228 618
191
21367 4149
14504 25982
26077 9164
29129 24997
28943 8322
18689 31536
12556 31725
8408 158
6188 1430
22281 13259
4006 13669
10536 11273
8532 15961
19592 7795
28347 14716
15708 126
6470 32023
2332 14545
32722 29730
6187 21079
30063 2558
15030 26002
21861 32359
31967 11314
6262 13732
1563 29414
20323 22784
2008 23922
9906 23422
32612 12546
22445 14025
20234 6333
10926 29802
29310 6302
28314 22333
21115 8831
2476 14630
31658 375
1908 28928
15558 3942
18463 21718
28670 26830
13560 11350
29594 4837
7727 10114
5602 18408
9689 11689
30779 23985
23609 6294
11668 31372
28990 12295
6144 3143
8012 31073
18852 13704
13120 12193
27860 9571
21934 30614
30585 3372
31084 9294
11702 10378
4949 8142
14283 3021
32583 19461
20281 11394
13934 28675
18215 22596
15045 1383
29700 3541
23513 31254
13934 27757
14545 14899
11602 11601
9131 5707
21333 23464
18888 22991
2931 16010
17835 9672
24806 10587
32254 25542
32330 9815
30165 25881
8190 12141
29239 580
1485 26961
6363 20143
10190 5325
27695 13468
12936 10840
18590 3420
3674 21481
18195 2499
30235 14605
10425 32473
24829 20792
12294 27346
17335 12376
2807 17985
27875 432
12957 30088
164 9444
25560 28307
22413 8528
5475 26310
17598 25502
3856 7475
1872 31128
1621 5393
27380 16442
25608 21609
23510 14348
5991 31507
29128 29615
6747 17889
13980 21685
2814 21018
11217 2742
32346 13610
21363 2207
28788 15511
16444 25678
30089 27191
28927 21596
4247 161
31559 16442
21279 13281
18747 5760
10793 21104
28356 23937
31882 31331
23026 12835
32354 12002
25244 10478
24040 25052
32071 17762
11626 17913
5449 31630
11919 31952
21039 28638
25312 30043
19547 26933
1414 3751
29938 10555
21077 21200
13557 7929
15882 24109
1965 10147
977 18120
5197 20916
11275 6161
2771 22080
28749 14035
18479 15494
8364 16742
1447 23494
28216 16423
6010 12114
16070 14885
32451 12518
28147 541
21153 11580
8037 20393
17557 18140
1620 30900
17451 6962
17993 24369
1501 15842
20774 26380
28980 32352
26215 2145
14896 11195
6055 20973
10730 19129
30310 28610
23160 29225
20233 2622
27153 16757
5410 4413
26993 9591
25842 18318
2431 24461
15917 8868
19502 752
23548 21134
15521 23617
20040 1578
29330 30565
14390 16277
25844 14227
22510 19685
20439 13739
15265 14619
